3.339586070158995312e+02 3.604068539858808435e+02 3.849197589108670741e+02 4.045873804260336328e+02 4.155437729048530286e+02 4.154277256033834078e+02 4.045978927280764310e+02 3.850466044519806132e+02 3.605179141180088891e+02 3.338660695548441595e+02
3.603884448758034296e+02 3.945444172713638409e+02 4.275057660429856696e+02 4.545720448949759316e+02 4.702964052594916780e+02 4.702801722377842566e+02 4.545008308023210475e+02 4.273802863960854665e+02 3.943810933602167665e+02 3.604668334257675042e+02
3.851090827285173646e+02 4.273356615121186906e+02 4.702281977933692474e+02 5.072057408981094113e+02 5.291719992592201152e+02 5.290710027964111077e+02 5.071607003702081329e+02 4.701689640969510720e+02 4.272821330221988774e+02 3.850783665697152856e+02
4.044952528769651963e+02 4.544853920644754908e+02 5.072574620446702056e+02 5.543377212494203832e+02 5.835758226657441128e+02 5.835786438861518945e+02 5.543864063990025670e+02 5.070303675323600032e+02 4.546552971207968312e+02 4.045261662735799746e+02
4.155890980283289764e+02 4.702887993563104487e+02 5.291543869231361441e+02 5.835405730538367379e+02 6.180440767453402486e+02 6.178235055418335833e+02 5.836794263977444643e+02 5.292946767160992749e+02 4.702557903949722231e+02 4.155395985944059589e+02
4.154774034770122739e+02 4.701927043245141817e+02 5.292446462648441639e+02 5.836774451698472603e+02 6.179609197999498065e+02 6.179722110257062013e+02 5.835992316650185785e+02 5.291949259016000724e+02 4.704176246698247041e+02 4.154484372337920490e+02
4.045717083534141807e+02 4.545259068524038071e+02 5.071675407594615308e+02 5.544443669115956936e+02 5.836145964589987898e+02 5.836003399587769991e+02 5.544024040351918075e+02 5.070984563179029010e+02 4.546271025796856975e+02 4.045604202093922481e+02
3.850607552062401737e+02 4.273851934730543007e+02 4.702192777843120552e+02 5.071216851999133723e+02 5.292093147328380383e+02 5.291566278522834637e+02 5.071831341833046736e+02 4.700971733588705774e+02 4.274542305323460596e+02 3.849737300128412585e+02
3.603827615189161975e+02 3.944927492362819521e+02 4.272967657261168597e+02 4.545954355248192087e+02 4.702091696256040336e+02 4.701160184465107363e+02 4.546161950480867517e+02 4.273972316241648741e+02 3.943957291858014287e+02 3.604130535926800007e+02
3.339886255548233862e+02 3.603183892059910249e+02 3.849921599201729236e+02 4.046180688006901391e+02 4.153591197987592523e+02 4.155153065772668128e+02 4.046125949596724922e+02 3.849900725992814614e+02 3.604248543039173001e+02 3.339781795267469420e+02
