3.597824314776918300e+02 3.884285555929172915e+02 4.150889981678628260e+02 4.361515699845639915e+02 4.476503885846632897e+02 4.478409186307119967e+02 4.360168460048304837e+02 4.149750672028381473e+02 3.884995207204251528e+02 3.598707012247593866e+02
3.885898670835358075e+02 4.251332308818025467e+02 4.606192549166828485e+02 4.898563789520352998e+02 5.068315957001892116e+02 5.066874073825005098e+02 4.898609002563891295e+02 4.606692075665574748e+02 4.250684279030848529e+02 3.884903133927537624e+02
4.149235813978280021e+02 4.606271694114449815e+02 5.068341866922554004e+02 5.466054156336177812e+02 5.704818941912179753e+02 5.702225607602701984e+02 5.465842950542945573e+02 5.067519452355364251e+02 4.605093102207598577e+02 4.148516322735154063e+02
4.359947288672192940e+02 4.900503774103229944e+02 5.467265832205345077e+02 5.974228154330901361e+02 6.289859104940269390e+02 6.290140173318875441e+02 5.975005151462215736e+02 5.464275684846071499e+02 4.898624406912618383e+02 4.360746734218808456e+02
4.478878547136548605e+02 5.068520912455625194e+02 5.702061132608102980e+02 6.289736172527429972e+02 6.661002855426501128e+02 6.660691678797330724e+02 6.290612539331922335e+02 5.703564261056415035e+02 5.066852798335472130e+02 4.477964725184869508e+02
4.477200875547131886e+02 5.068643108367367063e+02 5.702781556398597331e+02 6.289608563336832958e+02 6.659892410542381640e+02 6.661864216568812935e+02 6.289753778964643516e+02 5.703654295274216111e+02 5.067750352967281628e+02 4.478800870768872073e+02
4.361121796052020727e+02 4.899158727781741050e+02 5.464545595015198387e+02 5.974554580887181601e+02 6.288473054724811391e+02 6.290703207114448787e+02 5.975075842196482654e+02 5.465642136108072009e+02 4.899671588994511353e+02 4.360078779104800333e+02
4.149392403714066972e+02 4.605471459036523356e+02 5.067311362053846437e+02 5.466829702853383424e+02 5.702771245631373631e+02 5.703884700798220138e+02 5.465674948256620382e+02 5.067791736052301985e+02 4.606010638285587788e+02 4.150753044930522719e+02
3.884410189462488461e+02 4.251125069907965326e+02 4.605617430920636366e+02 4.899164128706039492e+02 5.067679575505933940e+02 5.067569346343472034e+02 4.896598819588960509e+02 4.606458913308573528e+02 4.250662376618495841e+02 3.884004989698134409e+02
3.600227598360970660e+02 3.884151330728503240e+02 4.149093626323706303e+02 4.360005279813316861e+02 4.476943676214835364e+02 4.478260380996175058e+02 4.360268253215621144e+02 4.150684338756682905e+02 3.884106167447023381e+02 3.599043311770504374e+02
