7.966310800000000745e+05 9.278078600000001024e+05 1.058308720000000205e+06 1.169221060000000056e+06 1.233404480000000214e+06 1.232715680000000168e+06 1.169281820000000065e+06 1.059006340000000084e+06 9.283797600000001257e+05 7.961896600000000326e+05
9.277130800000000745e+05 1.111894980000000214e+06 1.305437000000000233e+06 1.475969600000000093e+06 1.579847920000000158e+06 1.579738860000000102e+06 1.475507180000000168e+06 1.304670780000000028e+06 1.110974620000000112e+06 9.281167000000000698e+05
1.059350040000000037e+06 1.304398340000000084e+06 1.579389700000000186e+06 1.837554740000000224e+06 2.000164320000000298e+06 1.999400900000000140e+06 1.837228400000000140e+06 1.578991820000000065e+06 1.304071580000000075e+06 1.059181060000000056e+06
1.168688640000000130e+06 1.475406940000000177e+06 1.837929520000000251e+06 2.194930780000000261e+06 2.432576720000000205e+06 2.432600240000000224e+06 2.195316340000000317e+06 1.836284240000000224e+06 1.476510280000000028e+06 1.168867280000000028e+06
1.233673560000000056e+06 1.579796820000000065e+06 2.000031180000000168e+06 2.432282860000000335e+06 2.728417720000000205e+06 2.726470600000000093e+06 2.433440520000000019e+06 2.001091820000000298e+06 1.579575060000000056e+06 1.233379700000000186e+06
1.233010520000000019e+06 1.579151280000000261e+06 2.000713540000000270e+06 2.433424000000000000e+06 2.727683560000000056e+06 2.727783240000000224e+06 2.432771880000000354e+06 2.000337640000000130e+06 1.580662440000000177e+06 1.232838600000000093e+06
1.169130480000000214e+06 1.475670000000000233e+06 1.837277960000000196e+06 2.195775400000000373e+06 2.432899980000000447e+06 2.432781120000000112e+06 2.195443040000000037e+06 1.836777460000000196e+06 1.476327160000000149e+06 1.169065240000000224e+06
1.059084180000000168e+06 1.304700740000000224e+06 1.579329780000000261e+06 1.836945740000000224e+06 2.000446420000000158e+06 2.000048120000000112e+06 1.837390940000000177e+06 1.578509660000000149e+06 1.305122280000000028e+06 1.058605520000000019e+06
9.276838200000000652e+05 1.111603780000000028e+06 1.304160900000000140e+06 1.476121500000000233e+06 1.579261880000000121e+06 1.578636220000000205e+06 1.476256320000000065e+06 1.304774240000000224e+06 1.111057080000000075e+06 9.278397800000001444e+05
7.967743000000000466e+05 9.273524400000000605e+05 1.058706880000000121e+06 1.169398440000000177e+06 1.232308560000000056e+06 1.233235500000000233e+06 1.169366800000000047e+06 1.058695400000000140e+06 9.279005400000000373e+05 7.967244600000000792e+05
