9.245957000000000698e+05 1.077691020000000019e+06 1.230706260000000009e+06 1.358772800000000047e+06 1.431363360000000102e+06 1.432582060000000056e+06 1.357933500000000233e+06 1.230030760000000009e+06 1.078084840000000084e+06 9.250494400000000605e+05
1.078586320000000065e+06 1.290987600000000093e+06 1.515500700000000186e+06 1.713994800000000279e+06 1.834844760000000242e+06 1.833800920000000158e+06 1.714026440000000177e+06 1.515829420000000158e+06 1.290594060000000056e+06 1.078033739999999991e+06
1.229725560000000056e+06 1.515552780000000028e+06 1.834863520000000251e+06 2.134124860000000335e+06 2.324639940000000410e+06 2.322526920000000391e+06 2.133959940000000410e+06 1.834268100000000093e+06 1.514777320000000065e+06 1.229299120000000112e+06
1.357795740000000224e+06 1.715352660000000149e+06 2.135071120000000112e+06 2.549385860000000335e+06 2.825880540000000037e+06 2.826133100000000093e+06 2.550049040000000037e+06 2.132736340000000317e+06 1.714037220000000205e+06 1.358293720000000205e+06
1.432882360000000102e+06 1.834993160000000149e+06 2.322392940000000410e+06 2.825770080000000075e+06 3.169211360000000335e+06 3.168915260000000242e+06 2.826557580000000075e+06 2.323617520000000019e+06 1.833785520000000251e+06 1.432297720000000205e+06
1.431809120000000112e+06 1.835081640000000130e+06 2.322979820000000298e+06 2.825655420000000391e+06 3.168154780000000261e+06 3.170031060000000522e+06 2.825785900000000373e+06 2.323690880000000354e+06 1.834435260000000242e+06 1.432832660000000149e+06
1.358527380000000121e+06 1.714411160000000149e+06 2.132947040000000037e+06 2.549664460000000428e+06 2.824635240000000224e+06 2.826639060000000056e+06 2.550109380000000354e+06 2.133803140000000130e+06 1.714770120000000112e+06 1.357877640000000130e+06
1.229818380000000121e+06 1.515026240000000224e+06 1.834117460000000196e+06 2.134730500000000000e+06 2.322971420000000391e+06 2.323878620000000112e+06 2.133828760000000242e+06 1.834465220000000205e+06 1.515381000000000233e+06 1.230625060000000056e+06
1.077760180000000168e+06 1.290861740000000224e+06 1.515122280000000028e+06 1.714414940000000177e+06 1.834384020000000251e+06 1.834304220000000205e+06 1.712620000000000233e+06 1.515675980000000214e+06 1.290580760000000009e+06 1.077535340000000084e+06
9.258313400000000838e+05 1.077616540000000037e+06 1.229641280000000028e+06 1.357831860000000102e+06 1.431644620000000112e+06 1.432486860000000102e+06 1.357995660000000149e+06 1.230584320000000065e+06 1.077591480000000214e+06 9.252223400000000838e+05
